1682545998375,59.000000
1682545998397,52.000000
1682545998419,62.000000
1682545998439,71.000000
1682545998460,59.000000
1682545998481,67.000000
1682545998501,65.000000
1682545998521,74.000000
1682545998540,82.000000
1682545998560,90.000000
1682545998580,99.000000
1682545998598,95.000000
1682545998625,110.000000
1682545998645,120.000000
1682545998664,104.000000
1682545998681,100.000000
1682545998699,106.000000
1682545998717,113.000000
1682545998736,120.000000
1682545998760,133.000000
1682545998778,140.000000
1682545998796,136.000000
1682545998813,142.000000
1682545998830,147.000000
1682545998847,153.000000
1682545998865,160.000000
1682545998883,166.000000
1682545998901,173.000000
1682545998919,180.000000
1682545998937,187.000000
1682545998957,151.000000
1682545998976,147.000000
1682545998993,153.000000
1682545999011,159.000000
1682545999028,143.000000
1682545999045,149.000000
1682545999062,143.000000
1682545999079,148.000000
1682545999096,144.000000
1682545999114,150.000000
1682545999133,157.000000
1682545999150,164.000000
1682545999169,171.000000
1682545999185,176.000000
1682545999202,181.000000
1682545999218,175.000000
1682545999234,180.000000
1682545999250,185.000000
1682545999266,189.000000
1682545999282,194.000000
1682545999299,199.000000
1682545999315,204.000000
1682545999332,209.000000
1682545999348,214.000000
1682545999365,219.000000
1682545999381,214.000000
1682545999400,210.000000
1682545999417,216.000000
1682545999433,209.000000
1682545999451,215.000000
1682545999469,211.000000
1682545999487,217.000000
1682545999505,223.000000
1682545999523,231.000000
1682545999541,238.000000
1682545999560,245.000000
1682545999578,240.000000
1682545999594,246.000000
1682545999610,250.000000
1682545999626,244.000000
1682545999642,248.000000
1682545999658,253.000000
1682545999673,258.000000
1682545999689,262.000000
1682545999704,266.000000
1682545999720,269.000000
1682545999736,275.000000
1682545999752,280.000000
1682545999769,284.000000
1682545999785,290.000000
1682545999800,294.000000
1682545999816,299.000000
1682545999832,303.000000
1682545999848,307.000000
1682545999864,313.000000
1682545999880,318.000000
1682545999896,323.000000
1682545999911,327.000000
1682545999927,330.000000
1682545999942,335.000000
1682545999958,339.000000
1682545999974,344.000000
1682545999990,348.000000
1682546000005,352.000000
1682546000021,357.000000
1682546000037,362.000000
1682546000052,365.000000
1682546000068,370.000000
1682546000085,365.000000
1682546000102,370.000000
1682546000117,375.000000
1682546000133,357.000000
1682546000149,350.000000
1682546000165,321.000000
1682546000182,327.000000
1682546000201,335.000000
1682546000218,339.000000
1682546000234,345.000000
1682546000249,349.000000
1682546000265,353.000000
1682546000281,358.000000
1682546000298,363.000000
1682546000314,368.000000
1682546000332,374.000000
1682546000349,380.000000
1682546000368,366.000000
1682546000388,374.000000
1682546000406,369.000000
1682546000423,375.000000
1682546000440,381.000000
1682546000456,385.000000
1682546000471,390.000000
1682546000486,383.000000
1682546000502,375.000000
1682546000517,380.000000
1682546000533,383.000000
1682546000547,376.000000
1682546000567,372.000000
1682546000583,378.000000
1682546000598,382.000000
1682546000614,387.000000
1682546000629,391.000000
1682546000644,394.000000
1682546000660,399.000000
1682546000676,393.000000
1682546000691,374.000000
1682546000706,377.000000
1682546000721,380.000000
1682546000735,384.000000
1682546000751,388.000000
1682546000766,370.000000
1682546000781,374.000000
1682546000797,379.000000
1682546000812,381.000000
1682546000827,386.000000
1682546000842,390.000000
1682546000857,382.000000
1682546000872,363.000000
1682546000887,356.000000
1682546000902,359.000000
1682546000917,351.000000
1682546000931,332.000000
1682546000946,336.000000
1682546000961,339.000000
1682546000976,342.000000
1682546000990,346.000000
1682546001005,350.000000
1682546001020,354.000000
1682546001034,357.000000
1682546001049,360.000000
1682546001064,353.000000
1682546001079,356.000000
1682546001094,360.000000
1682546001109,364.000000
1682546001124,368.000000
1682546001139,371.000000
1682546001153,363.000000
1682546001169,367.000000
1682546001184,371.000000
1682546001199,375.000000
1682546001214,368.000000
1682546001228,371.000000
1682546001243,364.000000
1682546001258,367.000000
1682546001272,370.000000
1682546001287,374.000000
1682546001302,378.000000
1682546001319,384.000000
1682546001335,389.000000
1682546001350,381.000000
1682546001365,384.000000
1682546001380,389.000000
1682546001397,394.000000
1682546001412,399.000000
1682546001427,403.000000
1682546001442,395.000000
1682546001458,400.000000
1682546001473,404.000000
1682546001488,408.000000
1682546001504,412.000000
1682546001520,416.000000
1682546001536,410.000000
1682546001550,413.000000
1682546001566,418.000000
1682546001581,422.000000
1682546001597,416.000000
1682546001612,419.000000
1682546001626,422.000000
1682546001641,426.000000
1682546001655,429.000000
1682546001670,433.000000
1682546001685,392.000000
1682546001700,396.000000
1682546001715,400.000000
1682546001730,404.000000
1682546001744,406.000000
1682546001759,377.000000
1682546001775,369.000000
1682546001791,351.000000
1682546001806,355.000000
1682546001821,359.000000
1682546001836,352.000000
1682546001851,356.000000
1682546001866,348.000000
1682546001881,351.000000
1682546001896,355.000000
1682546001910,359.000000
1682546001925,352.000000
1682546001940,345.000000
1682546001955,337.000000
1682546001970,340.000000
1682546001984,343.000000
1682546001999,347.000000
1682546002014,351.000000
1682546002028,354.000000
1682546002042,357.000000
1682546002057,360.000000
1682546002072,364.000000
1682546002086,356.000000
1682546002101,348.000000
1682546002117,353.000000
1682546002132,357.000000
1682546002147,359.000000
1682546002162,363.000000
1682546002176,367.000000
1682546002190,359.000000
1682546002205,363.000000
1682546002219,366.000000
1682546002233,368.000000
1682546002248,372.000000
1682546002263,364.000000
1682546002278,369.000000
1682546002294,373.000000
1682546002309,377.000000
1682546002325,381.000000
1682546002341,387.000000
1682546002355,390.000000
1682546002370,394.000000
1682546002385,398.000000
1682546002399,400.000000
1682546002414,404.000000
1682546002429,406.000000
1682546002444,410.000000
1682546002459,403.000000
1682546002474,408.000000
1682546002490,412.000000
1682546002505,417.000000
1682546002521,409.000000
1682546002538,415.000000
1682546002556,423.000000
1682546002569,425.000000
1682546002584,429.000000
1682546002599,432.000000
1682546002614,436.000000
1682546002629,440.000000
1682546002644,443.000000
1682546002658,447.000000
1682546002673,439.000000
1682546002688,442.000000
1682546002702,445.000000
1682546002717,439.000000
1682546002733,442.000000
1682546002748,447.000000
1682546002765,453.000000
1682546002780,457.000000
1682546002796,462.000000
1682546002811,466.000000
1682546002816,80.000000
1682546002827,459.000000
1682546002842,452.000000
1682546002857,456.000000
1682546002867,120.000000
1682546002871,448.000000
1682546002886,429.000000
1682546002900,421.000000
1682546002915,425.000000
1682546002932,408.000000
1682546002948,402.000000
1682546002963,406.000000
1682546002977,408.000000
1682546002991,411.000000
1682546003006,415.000000
1682546003020,418.000000
1682546003035,421.000000
1682546003051,425.000000
1682546003066,429.000000
1682546003079,40.000000
1682546003080,433.000000
1682546003095,437.000000
1682546003110,440.000000
1682546003125,433.000000
1682546003139,435.000000
1682546003153,439.000000
1682546003168,409.000000
1682546003182,413.000000
1682546003196,416.000000
1682546003211,408.000000
1682546003225,411.000000
1682546003239,414.000000
1682546003253,417.000000
1682546003268,409.000000
1682546003283,413.000000
1682546003297,416.000000
1682546003312,420.000000
1682546003326,423.000000
1682546003341,415.000000
1682546003357,420.000000
1682546003372,412.000000
1682546003387,405.000000
1682546003401,408.000000
1682546003416,411.000000
1682546003431,414.000000
1682546003445,418.000000
1682546003459,409.000000
1682546003474,402.000000
1682546003488,393.000000
1682546003503,386.000000
1682546003504,27.000000
1682546003517,388.000000
1682546003531,391.000000
1682546003546,395.000000
1682546003561,398.000000
1682546003561,28.000000
1682546003575,401.000000
1682546003581,25.000000
1682546003590,404.000000
1682546003604,408.000000
1682546003619,376.000000
1682546003633,380.000000
1682546003647,383.000000
1682546003662,376.000000
1682546003676,379.000000
1682546003691,381.000000
1682546003705,385.000000
1682546003720,389.000000
1682546003736,393.000000
1682546003742,30.000000
1682546003750,397.000000
1682546003765,401.000000
1682546003780,404.000000
1682546003794,408.000000
1682546003809,389.000000
1682546003824,370.000000
1682546003839,340.000000
1682546003853,331.000000
1682546003868,301.000000
1682546003882,304.000000
1682546003896,307.000000
1682546003911,309.000000
1682546003925,313.000000
1682546003940,317.000000
1682546003955,320.000000
1682546003963,27.000000
1682546003969,324.000000
1682546003984,327.000000
1682546003985,26.000000
1682546003998,331.000000
1682546004012,333.000000
1682546004026,325.000000
1682546004041,318.000000
1682546004055,320.000000
1682546004069,323.000000
1682546004083,315.000000
1682546004097,318.000000
1682546004111,321.000000
1682546004125,323.000000
1682546004140,327.000000
1682546004155,331.000000
1682546004170,324.000000
1682546004185,328.000000
1682546004190,29.000000
1682546004199,320.000000
1682546004214,323.000000
1682546004228,315.000000
1682546004243,25.000000
1682546004243,318.000000
1682546004257,310.000000
1682546004264,24.000000
1682546004271,300.000000
1682546004284,303.000000
1682546004298,306.000000
1682546004312,309.000000
1682546004327,312.000000
1682546004341,316.000000
1682546004357,309.000000
1682546004370,29.000000
1682546004372,312.000000
1682546004386,304.000000
1682546004398,24.000000
1682546004401,308.000000
1682546004415,310.000000
1682546004429,313.000000
1682546004443,304.000000
1682546004457,307.000000
1682546004471,299.000000
1682546004478,25.000000
1682546004485,301.000000
1682546004496,32.000000
1682546004500,305.000000
1682546004514,286.000000
1682546004528,277.000000
1682546004543,280.000000
1682546004558,285.000000
1682546004572,288.000000
1682546004587,291.000000
1682546004601,272.000000
1682546004615,264.000000
1682546004630,244.000000
1682546004644,236.000000
1682546004658,228.000000
1682546004672,197.000000
1682546004686,189.000000
1682546004700,191.000000
1682546004714,194.000000
1682546004728,185.000000
1682546004742,188.000000
1682546004750,26.000000
1682546004757,191.000000
1682546004771,194.000000
1682546004786,198.000000
1682546004800,189.000000
1682546004815,193.000000
1682546004829,196.000000
1682546004844,200.000000
1682546004858,191.000000
1682546004872,182.000000
1682546004886,185.000000
1682546004900,165.000000
1682546004914,167.000000
1682546004928,170.000000
1682546004942,173.000000
1682546004957,177.000000
1682546004972,180.000000
1682546004986,172.000000
1682546005001,174.000000
1682546005015,166.000000
1682546005030,170.000000
1682546005044,173.000000
1682546005057,28.000000
1682546005059,176.000000
1682546005073,179.000000
1682546005087,171.000000
1682546005101,139.000000
1682546005114,96.000000
1682546005130,89.000000
1682546005144,92.000000
1682546005158,27.000000
1682546005160,96.000000
1682546005174,100.000000
1682546005188,103.000000
1682546005202,94.000000
1682546005212,24.000000
1682546005216,97.000000
1682546005230,88.000000
1682546005244,91.000000
1682546005258,83.000000
1682546005272,74.000000
1682546005287,66.000000
1682546005301,70.000000
1682546005315,73.000000
1682546005330,76.000000
1682546005344,56.000000
1682546005359,60.000000
1682546005373,64.000000
1682546005388,56.000000
1682546005402,48.000000
1682546005417,52.000000
1682546005432,33.000000
1682546005446,25.000000
1682546005461,28.000000
1682546005475,31.000000
1682546005482,27.000000
1682546005489,23.000000
1682546005507,19.000000
1682546005521,21.000000
1682546005535,24.000000
1682546005549,27.000000
1682546005564,30.000000
1682546005578,33.000000
1682546005592,24.000000
1682546005606,27.000000
1682546005621,20.000000
1682546005635,23.000000
1682546005649,24.000000
1682546005678,19.000000
1682546005691,22.000000
1682546005706,25.000000
1682546005720,28.000000
1682546005733,19.000000
1682546005756,20.000000
1682546005771,23.000000
1682546005784,25.000000
1682546005799,28.000000
1682546005813,31.000000
1682546005827,35.000000
1682546005839,36.000000
1682546005854,39.000000
1682546005863,26.000000
1682546005869,21.000000
1682546005883,22.000000
1682546005896,25.000000
1682546005905,23.000000
1682546005924,20.000000
1682546005946,20.000000
1682546005960,23.000000
1682546006016,21.000000
1682546006031,25.000000
1682546006048,20.000000
1682546006062,23.000000
1682546006081,20.000000
1682546006095,23.000000
1682546006107,24.000000
1682546006115,21.000000
1682546006129,23.000000
1682546006153,24.000000
1682546006171,20.000000
1682546006189,27.000000
1682546006193,20.000000
1682546006207,23.000000
1682546006215,20.000000
1682546006229,22.000000
1682546006242,25.000000
1682546006257,28.000000
1682546006269,29.000000
1682546006283,20.000000
1682546006297,23.000000
1682546006327,19.000000
1682546006341,22.000000
1682546006377,24.000000
1682546006394,29.000000
1682546006395,20.000000
1682546006409,23.000000
1682546006424,26.000000
1682546006438,29.000000
1682546006452,21.000000
1682546006467,25.000000
1682546006481,28.000000
1682546006495,31.000000
1682546006500,24.000000
1682546006510,23.000000
1682546006533,23.000000
1682546006555,23.000000
1682546006562,19.000000
1682546006577,23.000000
1682546006591,26.000000
1682546006608,20.000000
1682546006630,20.000000
1682546006665,20.000000
1682546006679,24.000000
1682546006693,27.000000
1682546006708,30.000000
1682546006722,34.000000
1682546006735,36.000000
1682546006752,19.000000
1682546006767,22.000000
1682546006781,26.000000
1682546006795,28.000000
1682546006802,24.000000
1682546006810,20.000000
1682546006823,22.000000
1682546006837,25.000000
1682546006852,29.000000
1682546006866,20.000000
1682546006880,21.000000
1682546006894,24.000000
1682546006911,19.000000
1682546006925,22.000000
1682546006939,24.000000
1682546006953,27.000000
1682546006967,30.000000
1682546006982,33.000000
1682546006996,36.000000
1682546007010,39.000000
1682546007025,42.000000
1682546007039,45.000000
1682546007053,48.000000
1682546007067,51.000000
1682546007081,20.000000
1682546007095,22.000000
1682546007109,26.000000
1682546007124,29.000000
1682546007137,31.000000
1682546007151,34.000000
1682546007165,37.000000
1682546007179,28.000000
1682546007193,31.000000
1682546007207,34.000000
1682546007222,37.000000
1682546007236,41.000000
1682546007250,43.000000
1682546007264,45.000000
1682546007278,49.000000
1682546007292,52.000000
1682546007306,54.000000
1682546007309,24.000000
1682546007321,57.000000
1682546007335,61.000000
1682546007349,41.000000
1682546007363,44.000000
1682546007378,36.000000
1682546007392,39.000000
1682546007406,42.000000
1682546007420,34.000000
1682546007435,26.000000
1682546007449,29.000000
1682546007464,32.000000
1682546007466,23.000000
1682546007478,24.000000
1682546007493,27.000000
1682546007500,24.000000
1682546007518,19.000000
1682546007532,22.000000
1682546007546,25.000000
1682546007560,27.000000
1682546007579,23.000000
1682546007589,22.000000
1682546007603,25.000000
1682546007614,24.000000
1682546007622,21.000000
1682546007636,24.000000
1682546007658,23.000000
1682546007666,20.000000
1682546007680,22.000000
1682546007695,25.000000
1682546007712,20.000000
1682546007727,23.000000
1682546007738,24.000000
1682546007771,23.000000
1682546007790,21.000000
1682546007805,23.000000
1682546007828,24.000000
1682546007835,21.000000
1682546007849,24.000000
1682546007864,27.000000
1682546007878,30.000000
1682546007893,34.000000
1682546007893,23.000000
1682546007907,26.000000
1682546007924,21.000000
1682546007954,28.000000
1682546007960,21.000000
1682546007974,25.000000
1682546007994,21.000000
1682546008010,26.000000
1682546008025,31.000000
1682546008041,34.000000
1682546008056,39.000000
1682546008071,43.000000
1682546008086,46.000000
1682546008101,49.000000
1682546008115,53.000000
1682546008130,35.000000
1682546008131,24.000000
1682546008150,21.000000
1682546008165,25.000000
1682546008194,20.000000
1682546008208,23.000000
1682546008230,23.000000
1682546008244,26.000000
1682546008259,29.000000
1682546008274,33.000000
1682546008288,25.000000
1682546008302,28.000000
1682546008316,30.000000
1682546008330,21.000000
1682546008343,24.000000
1682546008365,23.000000
1682546008403,38.000000
1682546008432,43.000000
1682546008432,57.000000
1682546008461,50.000000
1682546008477,55.000000
1682546008486,27.000000
1682546008493,60.000000
1682546008508,61.000000
1682546008523,53.000000
1682546008537,45.000000
1682546008551,46.000000
1682546008560,23.000000
1682546008564,49.000000
1682546008579,52.000000
1682546008593,33.000000
1682546008607,36.000000
1682546008618,24.000000
1682546008622,40.000000
1682546008636,19.000000
1682546008658,19.000000
1682546008672,22.000000
1682546008687,26.000000
1682546008701,29.000000
1682546008715,32.000000
1682546008736,20.000000
1682546008750,23.000000
1682546008780,20.000000
1682546008793,22.000000
1682546008807,25.000000
1682546008824,19.000000
1682546008839,23.000000
1682546008853,26.000000
1682546008867,29.000000
1682546008881,32.000000
1682546008896,25.000000
1682546008910,27.000000
1682546008924,30.000000
1682546008947,19.000000
1682546008961,21.000000
1682546008974,24.000000
1682546008988,27.000000
1682546009002,29.000000
1682546009016,31.000000
1682546009031,36.000000
1682546009032,25.000000
1682546009045,28.000000
1682546009060,30.000000
1682546009074,34.000000
1682546009088,37.000000
1682546009102,40.000000
1682546009116,43.000000
1682546009130,46.000000
1682546009144,37.000000
1682546009157,39.000000
1682546009171,42.000000
1682546009185,45.000000
1682546009199,36.000000
1682546009213,39.000000
1682546009227,42.000000
1682546009241,44.000000
1682546009256,37.000000
1682546009271,40.000000
1682546009285,43.000000
1682546009299,46.000000
1682546009314,49.000000
1682546009328,30.000000
1682546009342,32.000000
1682546009355,34.000000
1682546009369,37.000000
1682546009383,28.000000
1682546009397,31.000000
1682546009411,23.000000
1682546009423,24.000000
1682546009431,21.000000
1682546009445,23.000000
1682546009459,26.000000
1682546009474,29.000000
1682546009488,32.000000
1682546009502,34.000000
1682546009516,26.000000
1682546009530,29.000000
1682546009544,32.000000
1682546009558,34.000000
1682546009573,37.000000
