1682491155619,55.000000
1682491155642,34.000000
1682491155660,38.000000
1682491155681,44.000000
1682491155713,31.000000
1682491155734,37.000000
1682491155758,30.000000
1682491155779,36.000000
1682491155801,42.000000
1682491155821,48.000000
1682491155842,54.000000
1682491155863,44.000000
1682491155883,49.000000
1682491155904,55.000000
1682491155924,29.000000
1682491155954,29.000000
1682491155975,34.000000
1682491155996,39.000000
1682491156015,44.000000
1682491156036,49.000000
1682491156056,54.000000
1682491156077,45.000000
1682491156097,50.000000
1682491156118,55.000000
1682491156139,61.000000
1682491156160,66.000000
1682491156180,72.000000
1682491156200,76.000000
1682491156221,81.000000
1682491156241,87.000000
1682491156262,32.000000
1682491156291,30.000000
1682491156312,35.000000
1682491156332,41.000000
1682491156366,28.000000
1682491156386,33.000000
1682491156411,29.000000
1682491156431,34.000000
1682491156456,28.000000
1682491156477,34.000000
1682491156497,39.000000
1682491156518,44.000000
1682491156538,49.000000
1682491156559,54.000000
1682491156579,60.000000
1682491156600,50.000000
1682491156620,55.000000
1682491156641,61.000000
1682491156661,66.000000
1682491156682,72.000000
1682491156703,77.000000
1682491156723,81.000000
1682491156743,87.000000
1682491156765,94.000000
1682491156784,98.000000
1682491156805,87.000000
1682491156825,78.000000
1682491156845,83.000000
1682491156866,73.000000
1682491156887,79.000000
1682491156907,68.000000
1682491156927,73.000000
1682491156948,78.000000
1682491156969,84.000000
1682491156989,89.000000
1682491157009,94.000000
1682491157030,85.000000
1682491157050,89.000000
1682491157070,94.000000
1682491157090,84.000000
1682491157111,88.000000
1682491157131,94.000000
1682491157151,99.000000
1682491157171,104.000000
1682491157192,110.000000
1682491157212,115.000000
1682491157233,119.000000
1682491157253,125.000000
1682491157273,130.000000
1682491157294,135.000000
1682491157314,140.000000
1682491157334,145.000000
1682491157355,151.000000
1682491157375,155.000000
1682491157396,160.000000
1682491157416,166.000000
1682491157436,171.000000
1682491157457,177.000000
1682491157477,182.000000
1682491157497,186.000000
1682491157517,191.000000
1682491157538,197.000000
1682491157558,202.000000
1682491157579,207.000000
1682491157599,212.000000
1682491157620,217.000000
1682491157640,222.000000
1682491157660,227.000000
1682491157680,216.000000
1682491157701,221.000000
1682491157721,227.000000
1682491157741,201.000000
1682491157761,190.000000
1682491157782,150.000000
1682491157802,155.000000
1682491157823,161.000000
1682491157843,166.000000
1682491157864,170.000000
1682491157884,176.000000
1682491157904,181.000000
1682491157925,186.000000
1682491157945,192.000000
1682491157965,196.000000
1682491157986,202.000000
1682491158007,207.000000
1682491158027,181.000000
1682491158047,186.000000
1682491158067,176.000000
1682491158087,181.000000
1682491158108,186.000000
1682491158128,191.000000
1682491158148,196.000000
1682491158169,185.000000
1682491158189,176.000000
1682491158209,180.000000
1682491158229,185.000000
1682491158250,176.000000
1682491158270,166.000000
1682491158290,170.000000
1682491158311,176.000000
1682491158332,181.000000
1682491158352,186.000000
1682491158373,191.000000
1682491158394,197.000000
1682491158414,187.000000
1682491158434,162.000000
1682491158455,168.000000
1682491158475,173.000000
1682491158495,177.000000
1682491158516,183.000000
1682491158536,157.000000
1682491158556,162.000000
1682491158577,166.000000
1682491158597,172.000000
1682491158617,177.000000
1682491158638,181.000000
1682491158660,173.000000
1682491158679,147.000000
1682491158701,138.000000
1682491158721,143.000000
1682491158741,134.000000
1682491158761,108.000000
1682491158782,114.000000
1682491158802,119.000000
1682491158823,124.000000
1682491158843,129.000000
1682491158864,135.000000
1682491158884,139.000000
1682491158905,144.000000
1682491158926,150.000000
1682491158946,139.000000
1682491158966,144.000000
1682491158986,149.000000
1682491159006,154.000000
1682491159027,159.000000
1682491159047,165.000000
1682491159067,155.000000
1682491159088,161.000000
1682491159108,164.000000
1682491159128,170.000000
1682491159148,160.000000
1682491159169,164.000000
1682491159189,155.000000
1682491159209,160.000000
1682491159230,166.000000
1682491159250,170.000000
1682491159270,175.000000
1682491159290,180.000000
1682491159311,186.000000
1682491159331,175.000000
1682491159352,180.000000
1682491159371,185.000000
1682491159391,189.000000
1682491159412,195.000000
1682491159432,200.000000
1682491159453,190.000000
1682491159473,195.000000
1682491159493,200.000000
1682491159514,206.000000
1682491159534,210.000000
1682491159554,215.000000
1682491159575,204.000000
1682491159595,210.000000
1682491159616,215.000000
1682491159636,220.000000
1682491159656,211.000000
1682491159677,216.000000
1682491159697,221.000000
1682491159717,226.000000
1682491159737,231.000000
1682491159757,236.000000
1682491159778,180.000000
1682491159798,185.000000
1682491159818,190.000000
1682491159839,196.000000
1682491159859,201.000000
1682491159879,160.000000
1682491159900,150.000000
1682491159920,125.000000
1682491159940,130.000000
1682491159960,135.000000
1682491159981,124.000000
1682491160001,130.000000
1682491160021,119.000000
1682491160042,124.000000
1682491160062,128.000000
1682491160082,134.000000
1682491160103,123.000000
1682491160123,113.000000
1682491160143,103.000000
1682491160164,107.000000
1682491160183,112.000000
1682491160203,116.000000
1682491160224,122.000000
1682491160245,127.000000
1682491160264,132.000000
1682491160285,138.000000
1682491160305,143.000000
1682491160325,133.000000
1682491160345,122.000000
1682491160366,127.000000
1682491160386,132.000000
1682491160406,137.000000
1682491160426,142.000000
1682491160446,147.000000
1682491160467,138.000000
1682491160487,143.000000
1682491160508,148.000000
1682491160528,153.000000
1682491160548,158.000000
1682491160569,148.000000
1682491160589,153.000000
1682491160609,158.000000
1682491160630,164.000000
1682491160661,180.000000
1682491160671,173.000000
1682491160691,179.000000
1682491160712,184.000000
1682491160732,189.000000
1682491160752,194.000000
1682491160773,199.000000
1682491160793,204.000000
1682491160813,209.000000
1682491160834,199.000000
1682491160857,206.000000
1682491160876,209.000000
1682491160896,214.000000
1682491160917,205.000000
1682491160937,211.000000
1682491160957,216.000000
1682491160978,221.000000
1682491160998,225.000000
1682491161018,231.000000
1682491161040,236.000000
1682491161059,242.000000
1682491161080,246.000000
1682491161100,221.000000
1682491161120,226.000000
1682491161132,284.000000
1682491161140,231.000000
1682491161156,45.000000
1682491161161,220.000000
1682491161181,225.000000
1682491161201,229.000000
1682491161222,234.000000
1682491161242,240.000000
1682491161262,244.000000
1682491161283,249.000000
1682491161303,239.000000
1682491161323,228.000000
1682491161343,203.000000
1682491161364,177.000000
1682491161384,167.000000
1682491161404,172.000000
1682491161425,146.000000
1682491161445,137.000000
1682491161465,142.000000
1682491161485,147.000000
1682491161506,153.000000
1682491161526,157.000000
1682491161546,162.000000
1682491161567,167.000000
1682491161587,173.000000
1682491161596,29.000000
1682491161607,177.000000
1682491161618,36.000000
1682491161628,182.000000
1682491161648,188.000000
1682491161668,193.000000
1682491161689,183.000000
1682491161709,188.000000
1682491161729,193.000000
1682491161749,152.000000
1682491161770,157.000000
1682491161790,162.000000
1682491161810,151.000000
1682491161831,157.000000
1682491161851,162.000000
1682491161871,167.000000
1682491161891,157.000000
1682491161912,162.000000
1682491161932,168.000000
1682491161952,173.000000
1682491161973,178.000000
1682491161994,169.000000
1682491162006,28.000000
1682491162013,174.000000
1682491162034,163.000000
1682491162054,153.000000
1682491162074,158.000000
1682491162094,162.000000
1682491162115,168.000000
1682491162135,173.000000
1682491162155,163.000000
1682491162176,153.000000
1682491162196,143.000000
1682491162216,132.000000
1682491162237,138.000000
1682491162257,143.000000
1682491162278,148.000000
1682491162298,153.000000
1682491162318,159.000000
1682491162338,163.000000
1682491162359,169.000000
1682491162379,128.000000
1682491162399,133.000000
1682491162419,138.000000
1682491162440,127.000000
1682491162460,133.000000
1682491162480,137.000000
1682491162501,143.000000
1682491162521,148.000000
1682491162541,153.000000
1682491162561,158.000000
1682491162582,164.000000
1682491162602,168.000000
1682491162602,31.000000
1682491162622,173.000000
1682491162642,148.000000
1682491162663,123.000000
1682491162678,30.000000
1682491162683,81.000000
1682491162704,71.000000
1682491162708,30.000000
1682491162724,32.000000
1682491162744,36.000000
1682491162765,41.000000
1682491162785,47.000000
1682491162805,52.000000
1682491162825,56.000000
1682491162846,62.000000
1682491162866,67.000000
1682491162886,72.000000
1682491162907,77.000000
1682491162920,29.000000
1682491162927,82.000000
1682491162947,72.000000
1682491162967,62.000000
1682491162988,68.000000
1682491163008,73.000000
1682491163028,62.000000
1682491163049,68.000000
1682491163072,72.000000
1682491163093,80.000000
1682491163113,85.000000
1682491163133,91.000000
1682491163153,81.000000
1682491163173,86.000000
1682491163193,75.000000
1682491163214,80.000000
1682491163224,30.000000
1682491163234,69.000000
1682491163253,28.000000
1682491163254,75.000000
1682491163274,65.000000
1682491163294,54.000000
1682491163315,59.000000
1682491163335,64.000000
1682491163355,69.000000
1682491163375,74.000000
1682491163396,78.000000
1682491163416,68.000000
1682491163436,74.000000
1682491163456,63.000000
1682491163477,69.000000
1682491163496,73.000000
1682491163517,79.000000
1682491163531,32.000000
1682491163537,68.000000
1682491163557,73.000000
1682491163577,62.000000
1682491163598,68.000000
1682491163605,28.000000
1682491163618,72.000000
1682491163635,29.000000
1682491163638,47.000000
1682491163658,36.000000
1682491163678,41.000000
1682491163699,47.000000
1682491163719,51.000000
1682491163739,56.000000
1682491163760,30.000000
1682491163775,30.000000
1682491163787,28.000000
1682491163819,28.000000
1682491163832,27.000000
1682491163862,26.000000
1682491163893,26.000000
1682491163926,29.000000
1682491163948,36.000000
1682491163954,26.000000
1682491163984,27.000000
1682491164004,31.000000
1682491164024,36.000000
1682491164045,27.000000
1682491164066,32.000000
1682491164086,37.000000
1682491164106,42.000000
1682491164126,47.000000
1682491164146,36.000000
1682491164166,41.000000
1682491164187,47.000000
1682491164207,51.000000
1682491164227,41.000000
1682491164247,31.000000
1682491164267,36.000000
1682491164291,28.000000
1682491164303,26.000000
1682491164323,31.000000
1682491164344,36.000000
1682491164364,42.000000
1682491164385,46.000000
1682491164404,51.000000
1682491164424,40.000000
1682491164445,46.000000
1682491164465,36.000000
1682491164485,41.000000
1682491164505,45.000000
1682491164526,50.000000
1682491164546,56.000000
1682491164566,46.000000
1682491164608,26.000000
1682491164684,26.000000
1682491164703,30.000000
1682491164714,26.000000
1682491164735,32.000000
1682491164755,36.000000
1682491164775,41.000000
1682491164795,45.000000
1682491164816,35.000000
1682491164836,41.000000
1682491164839,29.000000
1682491164856,30.000000
1682491164876,35.000000
1682491164898,26.000000
1682491164916,29.000000
1682491164930,27.000000
1682491164959,26.000000
1682491164980,32.000000
1682491165000,36.000000
1682491165020,41.000000
1682491165051,26.000000
1682491165071,31.000000
1682491165092,37.000000
1682491165113,27.000000
1682491165142,26.000000
1682491165163,31.000000
1682491165203,27.000000
1682491165234,27.000000
1682491165254,31.000000
1682491165274,36.000000
1682491165282,29.000000
1682491165295,26.000000
1682491165326,27.000000
1682491165346,32.000000
1682491165366,37.000000
1682491165386,42.000000
1682491165406,47.000000
1682491165427,51.000000
1682491165447,42.000000
1682491165467,47.000000
1682491165487,36.000000
1682491165508,42.000000
1682491165528,47.000000
1682491165552,26.000000
1682491165573,31.000000
1682491165593,36.000000
1682491165613,42.000000
1682491165633,32.000000
1682491165657,26.000000
1682491165677,31.000000
1682491165697,36.000000
1682491165717,41.000000
1682491165738,47.000000
1682491165758,51.000000
1682491165778,56.000000
1682491165796,29.000000
1682491165798,61.000000
1682491165819,35.000000
1682491165839,41.000000
1682491165857,28.000000
1682491165859,45.000000
1682491165885,26.000000
1682491165916,26.000000
1682491165936,31.000000
1682491166007,26.000000
1682491166025,29.000000
1682491166052,26.000000
1682491166072,31.000000
1682491166097,26.000000
1682491166118,32.000000
1682491166130,28.000000
1682491166143,26.000000
1682491166164,32.000000
1682491166192,29.000000
1682491166220,26.000000
1682491166239,30.000000
1682491166251,27.000000
1682491166268,28.000000
1682491166281,26.000000
1682491166301,31.000000
1682491166321,36.000000
1682491166342,41.000000
1682491166362,47.000000
1682491166382,37.000000
1682491166402,41.000000
1682491166432,26.000000
1682491166453,31.000000
1682491166497,30.000000
1682491166518,35.000000
1682491166524,26.000000
1682491166545,31.000000
1682491166565,35.000000
1682491166585,41.000000
1682491166605,31.000000
1682491166625,36.000000
1682491166645,41.000000
1682491166662,28.000000
1682491166665,46.000000
1682491166686,36.000000
1682491166708,28.000000
1682491166739,27.000000
1682491166753,27.000000
1682491166773,32.000000
1682491166793,37.000000
1682491166814,27.000000
1682491166843,26.000000
1682491166889,26.000000
1682491166910,32.000000
1682491166930,37.000000
1682491166950,42.000000
1682491166970,46.000000
1682491166991,51.000000
1682491167012,26.000000
1682491167033,31.000000
1682491167052,36.000000
1682491167073,42.000000
1682491167075,28.000000
1682491167093,31.000000
1682491167113,35.000000
1682491167134,40.000000
1682491167154,46.000000
1682491167174,35.000000
1682491167194,40.000000
1682491167215,46.000000
1682491167235,36.000000
1682491167255,41.000000
1682491167275,46.000000
1682491167295,50.000000
1682491167316,55.000000
1682491167336,61.000000
1682491167356,65.000000
1682491167376,70.000000
1682491167397,76.000000
1682491167417,81.000000
1682491167437,86.000000
1682491167457,91.000000
1682491167477,50.000000
1682491167497,55.000000
1682491167518,61.000000
1682491167538,66.000000
1682491167558,71.000000
1682491167579,76.000000
1682491167599,82.000000
1682491167619,71.000000
1682491167639,76.000000
1682491167659,80.000000
1682491167680,86.000000
1682491167700,91.000000
1682491167720,96.000000
1682491167740,101.000000
1682491167757,28.000000
1682491167761,107.000000
1682491167781,112.000000
1682491167801,117.000000
1682491167821,122.000000
1682491167842,127.000000
1682491167862,101.000000
1682491167882,107.000000
1682491167902,96.000000
1682491167922,100.000000
1682491167942,105.000000
1682491167963,94.000000
1682491167973,29.000000
1682491167983,84.000000
1682491168003,89.000000
1682491168019,29.000000
1682491168023,94.000000
1682491168044,85.000000
1682491168064,89.000000
1682491168084,64.000000
1682491168104,69.000000
1682491168124,28.000000
1682491168125,75.000000
1682491168145,79.000000
1682491168165,54.000000
1682491168170,28.000000
1682491168185,59.000000
1682491168206,49.000000
1682491168226,54.000000
1682491168231,29.000000
1682491168246,28.000000
1682491168266,33.000000
1682491168287,39.000000
1682491168307,28.000000
1682491168327,33.000000
1682491168338,29.000000
1682491168383,28.000000
1682491168412,26.000000
1682491168433,32.000000
1682491168461,29.000000
1682491168473,26.000000
1682491168494,31.000000
1682491168514,37.000000
1682491168534,42.000000
1682491168552,29.000000
1682491168554,46.000000
1682491168575,36.000000
1682491168595,27.000000
1682491168627,28.000000
1682491168640,26.000000
1682491168661,31.000000
1682491168685,26.000000
1682491168706,32.000000
1682491168726,36.000000
1682491168746,41.000000
1682491168766,46.000000
1682491168787,51.000000
1682491168807,57.000000
1682491168827,62.000000
1682491168847,67.000000
1682491168867,41.000000
1682491168870,29.000000
1682491168898,26.000000
1682491168918,32.000000
1682491168959,26.000000
1682491168979,32.000000
1682491169004,26.000000
1682491169024,31.000000
1682491169044,36.000000
1682491169064,41.000000
1682491169084,31.000000
1682491169105,36.000000
1682491169125,41.000000
1682491169145,31.000000
1682491169165,36.000000
1682491169185,26.000000
1682491169217,26.000000
1682491169235,30.000000
1682491169247,27.000000
1682491169277,26.000000
1682491169297,31.000000
1682491169318,37.000000
1682491169337,41.000000
1682491169340,29.000000
1682491169358,31.000000
1682491169382,26.000000
1682491169403,32.000000
1682491169424,37.000000
1682491169443,41.000000
1682491169446,28.000000
1682491169473,26.000000
1682491169494,31.000000
1682491169514,36.000000
1682491169523,29.000000
1682491169549,26.000000
1682491169579,26.000000
1682491169600,30.000000
1682491169620,36.000000
1682491169640,41.000000
1682491169660,46.000000
1682491169686,27.000000
1682491169706,31.000000
1682491169746,26.000000
1682491169766,31.000000
1682491169786,36.000000
1682491169807,27.000000
1682491169827,32.000000
1682491169847,36.000000
1682491169867,41.000000
1682491169888,45.000000
1682491169908,36.000000
1682491169928,41.000000
1682491169948,45.000000
1682491169974,26.000000
1682491169994,31.000000
1682491170014,36.000000
1682491170035,42.000000
1682491170055,46.000000
1682491170075,51.000000
1682491170082,28.000000
1682491170095,56.000000
1682491170116,47.000000
1682491170136,52.000000
1682491170156,56.000000
1682491170176,61.000000
1682491170196,65.000000
1682491170217,70.000000
1682491170237,75.000000
1682491170257,65.000000
1682491170277,70.000000
1682491170298,75.000000
1682491170318,81.000000
1682491170338,70.000000
1682491170358,75.000000
1682491170378,80.000000
1682491170398,85.000000
1682491170419,75.000000
1682491170439,81.000000
1682491170459,85.000000
1682491170480,90.000000
1682491170499,95.000000
1682491170520,70.000000
1682491170540,75.000000
1682491170560,80.000000
1682491170580,85.000000
1682491170601,74.000000
1682491170614,28.000000
1682491170621,80.000000
1682491170641,70.000000
1682491170661,60.000000
1682491170681,64.000000
1682491170702,70.000000
1682491170722,75.000000
1682491170742,80.000000
1682491170762,84.000000
1682491170782,74.000000
1682491170803,78.000000
1682491170823,84.000000
1682491170843,89.000000
1682491170863,94.000000
